159001
159003
159005
159601
159602
159605
159606
159607
159608
159610
159611
159701
159702
159703
159706
159707
159708
159709
159710
159711
159712
159713
159715
159716
159717
159718
159719
159720
159721
159723
159725
159726
159728
159729
159730
159731
159732
159733
159735
159736
159739
159740
159741
159742
159743
159745
159747
159748
159751
159752
159755
159757
159758
159760
159761
159763
159766
159767
159770
159773
159777
159779
159780
159781
159782
159783
159786
159789
159790
159792
159793
159801
159804
159805
159806
159807
159808
159810
159811
159812
159813
159814
159815
159816
159819
159820
159821
159822
159823
159824
159825
159827
159828
159830
159835
159836
159837
159838
159839
159840
159841
159842
159843
159845
159847
159848
159849
159850
159851
159852
159853
159855
159856
159857
159858
159859
159861
159862
159863
159864
159865
159866
159867
159869
159870
159871
159872
159873
159875
159876
159877
159880
159881
159883
159885
159886
159887
159888
159889
159890
159891
159892
159895
159896
159898
159899
159901
159902
159903
159905
159906
159907
159908
159909
159910
159912
159913
159915
159916
159918
159919
159920
159922
159923
159925
159928
159929
159930
159931
159932
159933
159934
159935
159936
159937
159938
159939
159940
159941
159943
159944
159945
159948
159949
159952
159954
159955
159956
159957
159958
159959
159960
159961
159962
159964
159965
159966
159967
159968
159969
159970
159971
159972
159973
159974
159975
159976
159977
159978
159979
159980
159981
159982
159983
159984
159985
159986
159987
159990
159991
159992
159993
159994
159995
159996
159997
159998
159999
160706
162711
510010
510020
510030
510050
510060
510100
510110
510120
510130
510150
510160
510170
510180
510190
510200
510210
510220
510230
510270
510290
510300
510310
510330
510360
510370
510390
510410
510440
510500
510510
510550
510560
510570
510580
510590
510600
510630
510650
510660
510680
510710
510760
510770
510810
510880
510900
510990
511010
511020
511030
511060
511180
511220
511260
511270
511310
511360
511380
511600
511650
511670
511860
512000
512010
512040
512070
512090
512100
512120
512150
512170
512180
512200
512220
512260
512280
512290
512320
512330
512360
512390
512400
512480
512500
512510
512520
512560
512570
512580
512590
512600
512610
512640
512650
512660
512670
512680
512690
512710
512720
512750
512760
512770
512780
512800
512820
512870
512880
512910
512930
512960
512970
512980
512990
513000
513010
513030
513050
513060
513080
513090
513100
513130
513180
513300
513330
513360
513500
513520
513580
513600
513660
513680
513690
513800
513860
513880
513900
513980
513990
515000
515010
515020
515030
515050
515060
515070
515080
515090
515100
515110
515120
515130
515150
515160
515170
515180
515190
515200
515210
515220
515230
515250
515260
515280
515300
515310
515320
515350
515360
515380
515390
515400
515500
515510
515520
515530
515550
515570
515590
515600
515630
515650
515660
515680
515700
515710
515750
515760
515770
515780
515790
515800
515810
515820
515850
515860
515870
515880
515890
515900
515910
515920
515930
515950
515960
515980
515990
516000
516010
516020
516050
516060
516070
516080
516090
516100
516110
516120
516130
516150
516160
516180
516190
516200
516210
516220
516260
516270
516290
516300
516310
516320
516350
516360
516380
516390
516480
516500
516510
516520
516550
516560
516570
516580
516590
516600
516610
516620
516630
516640
516650
516660
516680
516700
516710
516720
516730
516750
516760
516770
516780
516790
516800
516810
516820
516830
516850
516860
516890
516900
516910
516920
516930
516950
516960
516970
516980
517010
517030
517050
517060
517080
517090
517100
517160
517170
517180
517200
517270
517280
517300
517330
517350
517360
517770
517800
517960
518600
518660
518680
518800
518850
518880
518890
560000
560050
560500
560560
560660
560800
561130
561300
561310
561350
561500
561600
561800
561900
561910
561990
562300
562500
562510
562800
562880
562900
562910
563000
588000
588050
588060
588080
588090
588150
588280
588300
588310
588330
588360
588380
588390
588400